10,64
1100100000111111101010010010011010101110110110111010011111100100
0000000101000110110000001001011000111110001010110001111000101110
1000100011111111111010000010010101010111001000010100101100001101
0111011010110110010001101111110100000001101100000101011001000100
0011100010011110011000111011110101001100101101001101101001111011
1101111001001001010111110001101000100011101001011000110100001101
0110000001101101101001001101111010111011110000001010001110011000
1000100111111111111010000010010101010111001000010100101100001101
0111011010110110010001101111110100000001101100000101011011000100
0011100010011110011000111011110101001100101101001100101001111011